01361
01530
02051
00797
01737
00800
02018
02686
01615
01627
02623
03355
00900
00984
01757
01466
03383
01288
01131
01299
00753
00538
01789
01639
00328
00241
01060
03319
00684
00373
00056
00833
00948
02600
00959
00090
00630
00077
02300
01592
00347
00914
00995
02020
03337
00922
01370
01496
01104
06036
00519
01045
00645
00565
03313
01120
00264
01672
00711
00841
00743
00835
00104
00351
00662
00033
00214
00767
00899
01135
00292
00129
00679
00707
01675
00073
01993
00271
00522
00105
01717
06118
02031
00720
00771
02080
00595
00232
00161
00260
02357
01705
01761
01397
01958
02100
02293
00030
03988
01963
03328
00023
02139
00416
06190
03866
01578
06196
01121
02355
00483
01338
01035
02009
00706
06160
01329
00694
02868
01858
06188
01250
00154
00392
02389
00371
06828
00187
00814
00579
01000
00588
00925
01803
03613
01599
02339
01488
02111
03358
00926
01775
01693
01552
01522
02299
02886
02309
00888
01372
00364
02588
02388
03329
00710
01685
01246
01758
01190
00653
01698
03998
00592
00434
00863
01428
00933
01114
01008
00159
00240
00024
01211
00285
01224
01486
01908
00043
01028
00121
02112
02030
00341
02662
01381
01075
03989
00193
02324
00469
00699
00996
00837
00126
00643
02223
00510
00293
00138
00261
00759
02228
01520
01049
00832
01375
01155
06090
00355
00162
00079
01450
00509
01164
01811
01816
00092
01292
02229
00954
01006
02017
01588
00682
00951
02289
00057
02286
01202
02113
00131
00025
03839
00449
00976
01598
00031
00606
00149
01069
01073
01848
00633
06898
02068
00940
01566
03883
01572
00569
00048
03966
00164
00039
00370
03978
00274
03983
02377
00217
01259
02371
01969
01359
00998
02349
01898
01800
00552
00586
00939
01678
01798
00661
01606
01062
00612
00334
03818
00871
00476
00670
00839
00085
00798
01185
00228
03996
00986
01130
01237
00646
00379
06818
01257
00257
00165
03333
00802
03777
00875
00721
02312
00605
01269
02121
03318
00506
02399
00290
00110
06881
00384
01191
03300
02099
01282
00512
00063
00904
06183
01253
00359
03788
03836
00673
01143
00348
01197
00591
00658
01378
02799
01101
01290
06863
01886
01719
00600
01217
03908
00810
02039
01226
00204
00132
01763
01900
01027
00817
00834
01380
01586
02128
02628
01234
00772
00931
01589
01863
00916
01371
02023
00067
01829
01317
00383
00867
01268
02319
03968
00133
00978
00144
06099
01636
01988
00726
00245
00941
01117
03993
00026
03323
00745
01321
00080
02001
01278
01258
01011
00611
00651
00715
00603
02883
00581
01146
00081
00688
02669
02601
01736
01532
00386
01345
02133
00735
02380
01838
00736
01094
01699
00866
01186
00390
03969
00769
01508
01911
00987
00269
00291
01313
01193
01109
01515
03320
00836
03963
00527
01365
00153
00910
02198
01966
00412
00691
01676
01432
01088
02877
00974
00815
00750
00485
01004
00139
00155
01668
01055
00326
03838
03311
00235
03623
02002
00956
00873
00966
00674
00728
01600
00557
01252
03398
02188
00952
00389
01332
00788
00570
00308
00762
02330
06168
00893
02202
06166
00648
00855
01129
03778
01885
02779
01866
03669
06169
01068
01728
02016
01492
01333
01123
00354
00127
00681
03728
00997
00385
00216
01556
01111
01609
01053
02722
03618
00116
01929
01210
00641
01938
00560
01420
00298
00367
00884
00479
03899
00445
00111
01091
00267
01205
06030
01883
00256
01113
00001
01038
00775
00100
03686
00002
01141
03309
00471
02302
00883
01240
00701
01124
00428
01610
00400
01778
02342
00794
00286
00046
00320
00712
00182
01681
00513
00831
01019
02369
00339
02866
01138
01919
00517
01199
01043
02298
00120
00118
02007
06098
01145
01415
01932
00906
01786
03992
00122
00032
03893
00727
01766
02232
06066
00497
01815
01093
00317
00985
01363
01620
00343
01322
00521
01020
01301
01090
01580
03999
06111
01826
01828
02356
00440
00544
00567
03799
02880
00915
00210
01272
00991
00889
02348
03335
01452
00262
00559
03958
00113
06878
00861
00547
02022
00705
00508
01072
00489
01702
00895
00695
00189
00668
00935
01712
06829
01126
00593
00356
00620
01330
06889,
00029
00828
00599
00936
02368
00901
06128
00221
01218
02341
01733
00943
06882
02048
01151
00907
00223
01395
01388
00616
00717
00491
00296
00163
00887
00622
00353
00128
02688
01808
01102
00689
01884
01856
00330
01061
00571
00764
01725
00838
01549
03616
01995
03699
06178
00202
00708
00238
01962
02308
00858
00052
01777
00035
00830
00036
03360
00037
06288
00729
00378
01738
01022
02038
06860
00142
00227
00038
06088
06865
01998
02310
00484
00352
01039
00656
01992
00418
00420
00374
00279
06888
01175
00500
00331
01721
01448
00546
01819
00181
01353
00927
00607
00627
01034
01443
01652
00465
00703
02212
01030
00572
03606
06038
00027
01772
00451
03800
00175
00535
06163
00174
02666
01548
00678	
01363
01620
00343
01322
00521
01020
01301
01090
01580
03999
06111
01826
01828
02356
00440
00544
00567
03799
02880
00915
00210
01272
00991
00889
02348
03335
01452
00262
00559
03958
00113
06878
00861
00547
02022
00705
00508
01072
00489
01702
00895
00695
00189
00668
00935
01712
06829
01126
00593
00356
00620
01330
06889,
00029
00828
00599
00936
02368
00901
06128
00221
01218
02341
01733
00943
06882
02048
01151
00907
00223
01395
01388
00616
00717
00491
00296
00163
00887
00622
00353
00128
02688
01808	
01102
00689
01884
01856
00330
01061
00571
00764
01725
00838
01549
03616
01995
03699
06178
00202
00708
00238
01962
02308
00858
00052
01777
00035
00830
00036
03360
00037
06288
00729
00378
01738
01022
02038
06860
00142
00227
00038
06088
06865
01998
02310
00484
00352
01039
00656
01992
00418
00420
00374
00279
06888
01175
00500
00331
01721
01448
00546
01819
00181
01353
00927
00607
00627
01034
01443
01652
00465
00703
02212
01030
00572
03606
06038
00027
01772
00451
03800
00175
00535
06163
00174
02666
01548
00678
01707
01469
00064
01776
00709
00809
00787
01669
00905
03889
00845
00393
00040
00172
03308
02863
00801
01783
03919
00677
02123
06896
01232
01462
00530
00533
03315
01118
00628
00493
02398
00109
01086
00108
01293
00115
01160
01271
00065
01647
00141
00021
00041
03683
00524
02333
00583
00431
00844
00468
00979
02700
00061
00094
00337
01318
00195
03900
02869
01051
00989
00263
03344
06189
00270
01543
03689
00124
01058
03399
01203
00525
02238
00874
02777
01551
00143
00053
01296
01456
02329
01788
02611
00657
02255
06862
01169
02278
02336
01659
01882
00665
06837
00566
00010
00101
03626
00011
01894
03903
00896
00554
00474
01341
06138
01133
00051
01509
02280
01112
01727
01596
06885
00097
00012
00197
01044
03389
01476
00136
01085
02303
00114
00818
01393
00442
00608
01623
06893
00396
01968
00921
00982
01723
02638
01310
02323
00190
00248
01726
00480
06823
02086
03678
00160
00003
00145
00423
01082
00388
00050
01273
00007
00060
00687
02882
01001
01137
01822
00196
00045
00655
06858
02226
02320
00047
01765
00733
00737
00054
00754
02200
03869
01742
00005
00404
00587
01347
00969
01682
02552
03638
00336
00816
01071
02738
00377
00505
00902
00958
01003
00993
02277
06886
01689
00419
01823
01673
06830
01806
01303
03698
01340
01178
01280
01419
01446
00450
00704
00215
01188
01396
00014
00999
01547
02708
01097
01460
00650
01119
00167
00799
00585
01970
01076
00776
01500
01398
00640
03700
01649
03948
00399
02680
01801
00596
00923
00147
01328
01009
01373
00091
01760
01087
00929
01029
00438
01656
00199
02633
00602
00865
01366
00177
02116
01916
00358
01285
02768
06122
02362
01862
00137
06139
02358
01495
03306
00179
02028
00207
00647
03336
01459
03303
00675
01557
00173
00822
00180
01215
01638
00876
02168
02225
02307
06136
06890
01059
01050
00496
00184
02011
00464
00636
00683
03816
03830
02122
01722
01630
00638
03302
01277
00280
00663
01421
00148
01888
00268
00528
01751
01170
06822
03888
01031
01195
01110
00381
00550
00827
00295
03709
00034
02663
00439
00135
03768
06877
01559
01813
00306
00558
01262
01125
02266
00488
00191
00411
01041
00582
00106
01270
00503
01533
01690
02488
00738
01499
00746
02314
00068
00637
00387
00950
01540
03396
01355
00992
00842
01225
01089
01978
01730
00494
01869
02331
00980
00928
02136
01212
01302
00784
03330
01127
00156
00226
00526
00194
01513
00973
03380
00960
01007
01281
02898
03339
00112
00311
00590
00366
00255
01108
02186
01461
01983
02281
00095
00323
01680
00758
00201
01172
01100
01389
02193
00938
01746
01999
00894
01561
00945
00848
00273
00275
01005
01037
01116
01183
00685
01360
00391
02327
01357
03690
00158
00200
01629
01618
00022
02282
00853
01985
01021
03990
01200
00459
01555
01715
01247
01150
01667
02892
00222
03828
00846
00233
00230
01632
01569
00425
00071
01208
00947
01213
01439
01860
00919
03600
01107
00072
00130
01152
00276
00975
01400
01575
01653
01716
01451
00066
00898
01194
03918
01982
00680
01229
01617
00553
01708
03332
00212
01236
00213
01227
00254
00157
00462
01837
02083
01868
00777
00234
01518
01336
00456
02221
00360
02326
06108
00472
00299
00166
00436
00825
00017
00055
00342
01231
01323
00282
01316
01047
02889
00186
02689
00009
01245,
01475
03773
02322
00433
00042
02222
00659
00329
01319
01655
00426
01933
00877
01140
01132
00316
00265
00430
00018
00398
06899
03366
02014
00574
01174
02343
00432
01820
00543
01382
01010
00239
02668
00495
00617
00556
02078
00686
01611
01180
03368
00327
01263
00008
00402
00632
00676
00618
01665
02798
00725
03326
01830
00765
03395
00857
02178
02008
02328
00752
01989
01079
00804
01833
02318
00231
00224
00635
00869
01523
00225
03636
00119
00208
01658
03813
00006
00397
01238
01913
01651
00789
01809
01581
06816
01470
00803
00310
01731
02378
00372
00626
01498
01720
01358
00498
01478
01739
00911
01576
00499
06198
01122
03369
01583
00243
01348
01577
00601
00229
01337
00246
02010
01196
01528
01622
01996
01631
00078
00357
00575
02199
01750
01387
03628
00885
00555
00070
00313
01526
01679
00281
01417
01098
03301
00578
01189
01683
03789
01198
02025
00724
02288
00251
01695
01255
01184
00178
00237
03822
00531
00731
01910
00236
01889
00482
01928
02183
00631
01399
01709
00205
00981
01447
01367
01637
01812
01787
01697
00568
01066
00719
01103
01635
02727
02196
01385
01349
06826
00363
00563
00770
02006
01877
06116
02607
02345
01835
00755
00069
01749
00953
01335
00851
02066
01080
00829
00300
00218
00747
00548
00152
00604
02313
00692
01633
01831
00813
01587
01741
00312
00666
00103
00730
00697
00639
01706
01241
00272
00253
00219
00242
01591
01165
00932
01142
01713
00107
00460
00807
00988
00886
00171
02000
00244
00444
06833
01105
00716
01177
01096
01759
00361
01106
01663
01221
00083
00702
00766
00297
00250
01168
01418
00623
03377
02386
00934
01033
00338
01099
01297
00598
00368
03808
00529
01362
01696
01308
01023
00880
03882
00059
00751
00395
02166
00315
02366
00198
02239
00983
00380
00410
00757
01166
02227
02878
00967
00878
00619
00413
00076
00577
00252
01573
01878
00812
02448
00970
00540
01700
01251
01207
02005
02888
01560
01159
00403
01616
00918
01836
00084
01825
02262
00852
00211
01182
00487
01430
00912
00756
00102
06808
01781
01975
00125
00086
00016
00580
01918
01383
01063
01568
01686
01771
02382
02608100
02012
00188
00058
00176
01228
00723
00019
01972
01223
02340
01539
01613
01991
00088
00146
00089
00718
00760
00693
01181
03666
00573
06161
00621
00515
01070
01239
03823
01206
00669
06033
03997
00511
06880
01979
00700
06868
01219
00093
00277
01201
02678
00321
00542
01339
01546
00990
02292
00028
02182
01980
02118
00266
06119
00455
00609
00826
01619
01065
00882
01265
03382
01671
01773
00117
00819
06836
01115
01790
01729
02033
01327
01233
00322
01192
02283
01939
02383
00258
01666
00780
00698
02363
01312
00340
01249
02203
01752
00333
03688
00850
01626
03886
01083
00903
00536
01326
00062
01235
00696
01300
00891
01710
00458
00732
01986
00206
00417
00247
00168
02119
01314
00518
00872
06182
01483
00768
01468
01711
00722
00690
02138
00220
00365
00486
00467
03933
02337
00913
02211
01026
01046
00307
00335
06113
01002
00082
00821
00806
01036
00015
02003
02317
01173
01386
01621
03878
00539
01139
00422
01612
03331
01565
01315
00862
06133
00345
01782
03738
00318
01608
00856
00303
00278
02683
01305
01013
00660
00610
00897
01718
00169
01222
01243
01735
03939
00401
01762
00151
03393
01161
02258
00860
03848
02338
02698
01570
02120
02233
00288
00004
01997
00020
00854
03322
00994
00287
00183
06080
00864
00289
00369
06838
00209
06068
01661
06100
02236
01260
00099
00532
00713
06083
00305
02359
02269
01289
01369
01128
00520
03378
01810
03663
01571
01748
01148
01755
01899
00098
01990
00309
00811
02208
00840
03833
02699
01799
00362
00868
00968
02088
01266
01368
00075
01585
01480
00346
03668
06869
00294
02218
01171
01230
03708
00406
01662
00259
02393
00375
02213
01558
03639
01796
01579
00408
02858
03608
02788
01048
02268
06123
00332
02789
01431
00629
00551
00123
01052
00613
02728
01536
00376
01298
06839
00096
01628
02098
00185
01660
01818
00576
01057
01527
03363
00564
06158
01220
00672
01538
00475
01064
06060
00859
00909
00881
02379
03633
01216
03737
01458
01176
00908
03898
02899
01157
00763
06866